data/test/bio1.asc
ncols        720
nrows        300
xllcorner    -180.000000000000
yllcorner    -60.000000000000
cellsize     0.500000000000
NODATA_value  -9999
[rows 156 to 181 of 300, columns 177 to 235 of 720]
-9999 -9999 -9999 -9999 -9999 -9999 -9999 -9999 -9999 -9999 24.169651031494140625 23.368822097778320312 22.434291839599609375 22.135843276977539062 22.394855499267578125 22.833003997802734375 -9999 -9999 -9999 -9999 -9999 -9999 -9999 -9999 -9999 -9999 -9999 -9999 -9999 -9999 -9999 -9999 -9999 -9999 -9999 -9999 -9999 23.16168212890625 23.226305007934570312 23.151071548461914062 -9999 -9999 22.682073593139648438 22.44083404541015625 -9999 -9999 -9999 -9999 -9999 21.785276412963867188 21.962053298950195312 -9999 -9999 -9999 -9999 -9999 -9999 -9999 -9999
-9999 -9999 -9999 -9999 -9999 -9999 -9999 -9999 -9999 -9999 -9999 23.302188873291015625 22.345279693603515625 21.918817520141601562 21.998968124389648438 -9999 -9999 -9999 -9999 -9999 -9999 -9999 -9999 -9999 -9999 -9999 -9999 -9999 -9999 -9999 -9999 -9999 -9999 -9999 22.905435562133789062 23.0306243896484375 23.164775848388671875 23.223928451538085938 23.110652923583984375 -9999 -9999 22.1873779296875 21.832086563110351562 21.552885055541992188 21.356121063232421875 21.123540878295898438 -9999 -9999 -9999 -9999 -9999 -9999 -9999 -9999 -9999 22.6292877197265625 -9999 -9999 -9999
-9999 -9999 -9999 -9999 -9999 -9999 -9999 -9999 -9999 -9999 -9999 23.421535491943359375 22.395538330078125 21.8359527587890625 21.72735595703125 21.713628768920898438 -9999 -9999 -9999 -9999 -9999 -9999 -9999 -9999 -9999 -9999 -9999 -9999 -9999 -9999 -9999 -9999 23.303798675537109375 23.339166641235351562 23.500791549682617188 23.493139266967773438 23.275035858154296875 23.123638153076171875 22.840091705322265625 22.372585296630859375 21.85292816162109375 21.642364501953125 21.19069671630859375 20.90027618408203125 20.830400466918945312 20.480058670043945312 20.826845169067382812 -9999 -9999 -9999 -9999 -9999 -9999 -9999 22.895336151123046875 22.827545166015625 22.920299530029296875 22.85373687744140625 22.813337326049804688
-9999 -9999 -9999 -9999 -9999 -9999 -9999 -9999 -9999 -9999 -9999 23.559854507446289062 22.755214691162109375 22.16318511962890625 21.771245956420898438 21.553081512451171875 21.643444061279296875 -9999 -9999 -9999 -9999 -9999 -9999 -9999 -9999 -9999 -9999 -9999 -9999 -9999 -9999 24.3291015625 24.57315826416015625 24.481424331665039062 24.055650711059570312 23.652532577514648438 23.111568450927734375 22.655691146850585938 22.24016571044921875 21.92496490478515625 21.72545623779296875 21.414813995361328125 21.2092132568359375 21.111209869384765625 21.093069076538085938 21.1340484619140625 21.366146087646484375 21.582887649536132812 21.913326263427734375 22.372728347778320312 22.723608016967773438 23.109010696411132812 -9999 23.518573760986328125 23.535480499267578125 23.467830657958984375 23.303371429443359375 23.110456466674804688 -9999
-9999 -9999 -9999 -9999 -9999 -9999 -9999 -9999 -9999 -9999 -9999 -9999 23.158538818359375 22.611114501953125 22.101856231689453125 21.608797073364257812 21.522756576538085938 21.507904052734375 -9999 -9999 -9999 -9999 -9999 -9999 -9999 -9999 -9999 -9999 -9999 -9999 -9999 25.12993621826171875 25.489107131958007812 25.271381378173828125 24.46941375732421875 23.739496231079101562 22.912031173706054688 22.164670944213867188 21.66490936279296875 -9999 -9999 21.2194976806640625 21.249425888061523438 21.375776290893554688 21.64031982421875 22.046892166137695312 22.46883392333984375 22.7761688232421875 23.127195358276367188 23.529317855834960938 23.838029861450195312 24.002397537231445312 24.244106292724609375 24.23419189453125 24.027835845947265625 23.928144454956054688 23.587507247924804688 23.319105148315429688 23.164945602416992188
-9999 -9999 -9999 -9999 -9999 -9999 -9999 -9999 -9999 -9999 -9999 -9999 -9999 -9999 -9999 22.240861892700195312 21.702022552490234375 21.20702362060546875 21.072370529174804688 -9999 -9999 -9999 22.139423370361328125 22.355762481689453125 22.478288650512695312 22.659189224243164062 22.941692352294921875 -9999 -9999 -9999 25.006395339965820312 25.21738433837890625 25.403829574584960938 25.124765396118164062 24.421518325805664062 23.672229766845703125 22.53221893310546875 21.67192840576171875 21.045314788818359375 20.76607513427734375 20.842012405395507812 20.673984527587890625 20.794338226318359375 21.328990936279296875 22.169935226440429688 23.153026580810546875 23.623592376708984375 24.104791641235351562 24.424283981323242188 24.453405380249023438 24.558107376098632812 24.5128173828125 24.469104766845703125 24.305635452270507812 24.083288192749023438 23.825494766235351562 23.601318359375 23.417514801025390625 23.2657928466796875
-9999 -9999 -9999 -9999 -9999 -9999 -9999 -9999 -9999 -9999 -9999 -9999 -9999 -9999 -9999 22.72637939453125 22.047533035278320312 21.330610275268554688 21.046350479125976562 21.138051986694335938 21.249120712280273438 21.643550872802734375 21.955295562744140625 22.171855926513671875 -9999 22.386388778686523438 22.595668792724609375 22.996440887451171875 -9999 -9999 24.464803695678710938 24.651586532592773438 24.868024826049804688 24.665945053100585938 24.034137725830078125 23.25164031982421875 21.983766555786132812 20.87302398681640625 20.063646316528320312 19.722890853881835938 19.78369903564453125 19.81458282470703125 20.222398757934570312 21.088756561279296875 22.366998672485351562 23.719127655029296875 24.3274688720703125 24.849430084228515625 25.165353775024414062 25.017671585083007812 25.0327911376953125 24.831148147583007812 24.618730545043945312 24.37410736083984375 24.12075042724609375 23.831516265869140625 23.631591796875 23.482545852661132812 23.339879989624023438
-9999 -9999 -9999 -9999 -9999 -9999 -9999 -9999 -9999 -9999 -9999 -9999 -9999 -9999 -9999 -9999 -9999 21.978790283203125 21.6636505126953125 21.547639846801757812 21.545019149780273438 21.813623428344726562 22.077844619750976562 -9999 -9999 -9999 22.287244796752929688 22.257947921752929688 22.393575668334960938 22.768152236938476562 23.077600479125976562 23.456472396850585938 23.954111099243164062 23.73250579833984375 23.130617141723632812 22.424478530883789062 20.90766143798828125 19.567348480224609375 18.752742767333984375 18.207986831665039062 18.273778915405273438 19.069606781005859375 19.832523345947265625 21.081140518188476562 22.551916122436523438 23.636281967163085938 24.392917633056640625 24.906366348266601562 25.153720855712890625 25.141485214233398438 25.1223602294921875 24.686872482299804688 24.604185104370117188 24.303995132446289062 23.957942962646484375 23.98464202880859375 23.50717926025390625 23.37949371337890625 23.280429840087890625
-9999 -9999 -9999 -9999 -9999 -9999 -9999 -9999 -9999 -9999 -9999 -9999 -9999 -9999 -9999 -9999 -9999 -9999 -9999 22.295213699340820312 22.2190704345703125 22.349317550659179688 22.478031158447265625 -9999 -9999 -9999 22.163278579711914062 21.840372085571289062 21.687740325927734375 21.686428070068359375 21.680017471313476562 21.947849273681640625 22.21007537841796875 21.8794097900390625 21.185956954956054688 20.3537750244140625 18.888219833374023438 17.639772415161132812 17.0202789306640625 16.914148330688476562 17.457155227661132812 19.032306671142578125 20.546689987182617188 22.016508102416992188 23.215139389038085938 23.901472091674804688 24.449010848999023438 24.77161407470703125 24.897579193115234375 24.6866912841796875 24.483219146728515625 23.897871017456054688 23.62828826904296875 23.218183517456054688 22.889728546142578125 22.954313278198242188 22.583475112915039062 22.55702972412109375 22.5522308349609375
-9999 -9999 -9999 -9999 -9999 -9999 -9999 -9999 -9999 -9999 -9999 -9999 -9999 -9999 -9999 -9999 -9999 -9999 -9999 23.085620880126953125 -9999 23.003572463989257812 -9999 -9999 -9999 -9999 -9999 21.905447006225585938 21.348636627197265625 20.863300323486328125 20.314905166625976562 20.12131500244140625 19.932758331298828125 19.341817855834960938 18.483829498291015625 17.264890670776367188 16.37143707275390625 15.295705795288085938 15.230052947998046875 16.006856918334960938 17.18314361572265625 19.67029571533203125 22.393405914306640625 23.910940170288085938 24.115945816040039062 24.3018798828125 24.4228668212890625 24.567913055419921875 24.350343704223632812 23.695409774780273438 23.1480865478515625 22.426450729370117188 21.727872848510742188 21.271038055419921875 21.04694366455078125 20.888666152954101562 20.910749435424804688 21.05309295654296875 21.202411651611328125
-9999 -9999 -9999 -9999 -9999 -9999 -9999 -9999 -9999 -9999 -9999 -9999 -9999 -9999 -9999 -9999 -9999 -9999 -9999 -9999 -9999 -9999 -9999 -9999 -9999 -9999 -9999 -9999 21.293622970581054688 20.25708770751953125 19.15230560302734375 18.452068328857421875 17.807386398315429688 17.056224822998046875 16.339105606079101562 15.377488136291503906 14.632848739624023438 13.969405174255371094 14.4284820556640625 15.853844642639160156 17.773595809936523438 20.491930007934570312 23.095623016357421875 24.462497711181640625 24.44460296630859375 24.183168411254882812 23.964771270751953125 23.765371322631835938 23.22229766845703125 22.333799362182617188 21.503866195678710938 20.773210525512695312 20.12641143798828125 19.625650405883789062 19.329969406127929688 19.09902191162109375 19.212759017944335938 19.411912918090820312 19.644315719604492188
-9999 -9999 -9999 -9999 -9999 -9999 -9999 -9999 -9999 -9999 -9999 -9999 -9999 -9999 -9999 -9999 -9999 -9999 -9999 -9999 -9999 -9999 -9999 -9999 -9999 -9999 -9999 -9999 21.363674163818359375 19.75974273681640625 18.103940963745117188 16.89456939697265625 15.950354576110839844 15.171840667724609375 14.820357322692871094 14.46071624755859375 13.910378456115722656 13.436506271362304688 14.413183212280273438 16.517597198486328125 18.86669158935546875 21.139547348022460938 23.063097000122070312 24.05715179443359375 24.023771286010742188 23.616962432861328125 23.149049758911132812 22.5537872314453125 21.7088775634765625 20.704990386962890625 19.681196212768554688 19.134313583374023438 18.830181121826171875 18.384918212890625 17.869680404663085938 17.5802001953125 17.732332229614257812 17.9080963134765625 18.21538543701171875
-9999 -9999 -9999 -9999 -9999 -9999 -9999 -9999 -9999 -9999 -9999 -9999 -9999 -9999 -9999 -9999 -9999 -9999 -9999 -9999 -9999 -9999 -9999 -9999 -9999 -9999 -9999 -9999 21.267011642456054688 19.290235519409179688 17.234895706176757812 15.748979568481445312 14.666492462158203125 13.976385116577148438 13.869801521301269531 13.875887870788574219 13.901595115661621094 14.169367790222167969 15.474069595336914062 17.673509597778320312 19.82527923583984375 21.617166519165039062 22.809286117553710938 23.425401687622070312 23.334211349487304688 22.764692306518554688 22.161157608032226562 21.257282257080078125 20.253499984741210938 19.145963668823242188 18.135774612426757812 17.674692153930664062 17.322296142578125 16.944427490234375 16.590175628662109375 16.328548431396484375 16.604373931884765625 16.922573089599609375 17.2748870849609375
-9999 -9999 -9999 -9999 -9999 -9999 -9999 -9999 -9999 -9999 -9999 -9999 -9999 -9999 -9999 -9999 -9999 -9999 -9999 -9999 -9999 -9999 -9999 -9999 -9999 -9999 -9999 -9999 21.207876205444335938 18.872430801391601562 16.374355316162109375 14.927542686462402344 13.760823249816894531 13.182143211364746094 13.318613052368164062 13.554515838623046875 14.347362518310546875 15.305162429809570312 16.888956069946289062 18.927288055419921875 20.990530014038085938 21.973646163940429688 22.5717620849609375 22.765438079833984375 22.504289627075195312 22.009630203247070312 21.129236221313476562 20.07080078125 18.970094680786132812 17.84780120849609375 16.717159271240234375 16.349672317504882812 15.944314956665039062 15.651545524597167969 15.4861907958984375 15.283800125122070312 15.869093894958496094 16.412137985229492188 16.8736114501953125
-9999 -9999 -9999 -9999 -9999 -9999 -9999 -9999 -9999 -9999 -9999 -9999 -9999 -9999 -9999 -9999 -9999 -9999 -9999 -9999 -9999 -9999 -9999 -9999 -9999 -9999 -9999 -9999 21.07280731201171875 18.627237319946289062 16.188779830932617188 14.552607536315917969 13.56151580810546875 13.094404220581054688 13.253637313842773438 13.95238494873046875 15.149537086486816406 16.663370132446289062 18.298345565795898438 19.942209243774414062 21.260515213012695312 21.988035202026367188 22.186855316162109375 22.137327194213867188 21.759763717651367188 21.050916671752929688 20.350738525390625 19.323421478271484375 18.308710098266601562 17.366651535034179688 16.300832748413085938 15.914714813232421875 15.466531753540039062 15.251512527465820312 15.299416542053222656 15.2886810302734375 15.965440750122070312 16.464199066162109375 16.975734710693359375
-9999 -9999 -9999 -9999 -9999 -9999 -9999 -9999 -9999 -9999 -9999 -9999 -9999 -9999 -9999 -9999 -9999 -9999 -9999 -9999 -9999 -9999 -9999 -9999 -9999 -9999 -9999 -9999 20.99849700927734375 18.391321182250976562 15.86345672607421875 14.414193153381347656 13.554825782775878906 13.278550148010253906 13.587529182434082031 14.315008163452148438 16.096403121948242188 18.012445449829101562 19.560832977294921875 20.6036834716796875 21.555772781372070312 21.80175018310546875 21.778064727783203125 21.567052841186523438 21.082050323486328125 20.324298858642578125 19.961153030395507812 19.132604598999023438 18.351287841796875 17.662565231323242188 16.383863449096679688 16.479627609252929688 15.982334136962890625 15.862733840942382812 16.181604385375976562 15.827095985412597656 16.901397705078125 17.304126739501953125 17.869054794311523438
-9999 -9999 -9999 -9999 -9999 -9999 -9999 -9999 -9999 -9999 -9999 -9999 -9999 -9999 -9999 -9999 -9999 -9999 -9999 -9999 -9999 -9999 -9999 -9999 -9999 -9999 -9999 -9999 20.415493011474609375 17.979610443115234375 15.767415046691894531 14.395413398742675781 13.810236930847167969 13.741153717041015625 14.232695579528808594 15.3895416259765625 17.159227371215820312 19.113473892211914062 20.435970306396484375 20.983915328979492188 21.213472366333007812 21.321737289428710938 21.219470977783203125 21.052791595458984375 20.794879913330078125 20.457849502563476562 20.256639480590820312 19.992994308471679688 19.550180435180664062 19.066030502319335938 18.572391510009765625 18.202257156372070312 18.029493331909179688 18.0490875244140625 18.2899627685546875 18.6484832763671875 18.881002426147460938 19.21128082275390625 19.759815216064453125
-9999 -9999 -9999 -9999 -9999 -9999 -9999 -9999 -9999 -9999 -9999 -9999 -9999 -9999 -9999 -9999 -9999 -9999 -9999 -9999 -9999 -9999 -9999 -9999 -9999 -9999 -9999 -9999 19.599615097045898438 17.363969802856445312 15.330732345581054688 14.517602920532226562 14.1355438232421875 14.260491371154785156 15.0443267822265625 16.192308425903320312 18.044994354248046875 19.988483428955078125 21.0619659423828125 21.01187896728515625 20.90802001953125 20.902402877807617188 20.76861572265625 20.689622879028320312 20.661754608154296875 20.686147689819335938 20.664812088012695312 20.945438385009765625 20.782014846801757812 20.408069610595703125 20.58127593994140625 19.869976043701171875 19.951425552368164062 20.068721771240234375 20.245687484741210938 21.22522735595703125 20.704235076904296875 20.929151535034179688 21.408069610595703125
-9999 -9999 -9999 -9999 -9999 -9999 -9999 -9999 -9999 -9999 -9999 -9999 -9999 -9999 -9999 -9999 -9999 -9999 -9999 -9999 -9999 -9999 -9999 -9999 -9999 -9999 20.718988418579101562 19.305814743041992188 17.873289108276367188 16.561206817626953125 15.541457176208496094 14.930280685424804688 14.840388298034667969 15.217187881469726562 16.04503631591796875 17.2132415771484375 18.673814773559570312 20.016017913818359375 20.80098724365234375 20.875864028930664062 20.727163314819335938 20.678686141967773438 20.626323699951171875 20.621637344360351562 20.650453567504882812 20.73744964599609375 20.9013671875 21.10817718505859375 21.055734634399414062 20.83358001708984375 20.679595947265625 20.476312637329101562 20.562765121459960938 20.7154998779296875 20.955501556396484375 21.387973785400390625 21.439004898071289062 21.672878265380859375 22.006317138671875
-9999 -9999 -9999 -9999 -9999 -9999 -9999 -9999 -9999 -9999 -9999 -9999 -9999 -9999 -9999 -9999 -9999 -9999 -9999 -9999 -9999 -9999 -9999 -9999 -9999 21.274866104125976562 19.358339309692382812 17.390787124633789062 16.09635162353515625 15.653103828430175781 15.534200668334960938 15.583539962768554688 15.885141372680664062 16.46881866455078125 17.29415130615234375 18.188249588012695312 19.157733917236328125 20.00775146484375 20.544012069702148438 20.595087051391601562 20.559940338134765625 20.578599929809570312 20.57570648193359375 20.608308792114257812 20.657464981079101562 20.742946624755859375 20.904947280883789062 21.07788848876953125 21.013330459594726562 20.778104782104492188 20.524179458618164062 20.457675933837890625 20.557224273681640625 20.704349517822265625 20.930635452270507812 21.23262786865234375 21.503780364990234375 21.749025344848632812 21.943643569946289062
-9999 -9999 -9999 -9999 -9999 -9999 -9999 -9999 -9999 -9999 -9999 -9999 -9999 -9999 -9999 -9999 -9999 -9999 -9999 -9999 -9999 -9999 -9999 -9999 -9999 20.002183914184570312 17.906229019165039062 15.745385169982910156 14.729481697082519531 14.860109329223632812 15.465890884399414062 16.438199996948242188 17.607130050659179688 18.418544769287109375 18.82418060302734375 19.277166366577148438 19.68204498291015625 20.013761520385742188 20.293680191040039062 20.408254623413085938 20.453962326049804688 20.5416259765625 20.59899139404296875 20.671220779418945312 20.727008819580078125 20.802417755126953125 20.961811065673828125 21.07916259765625 21.0077362060546875 20.7733154296875 20.543725967407226562 20.444011688232421875 20.442905426025390625 20.561878204345703125 20.789247512817382812 21.05974578857421875 21.361757278442382812 21.589574813842773438 21.68022918701171875
-9999 -9999 -9999 -9999 -9999 -9999 -9999 -9999 -9999 -9999 -9999 -9999 -9999 -9999 -9999 -9999 -9999 -9999 -9999 -9999 -9999 -9999 -9999 -9999 -9999 18.836973190307617188 16.646556854248046875 14.542529106140136719 13.850085258483886719 14.613573074340820312 15.654555320739746094 17.231807708740234375 18.98775482177734375 19.87366485595703125 19.910604476928710938 20.08112335205078125 20.066804885864257812 20.047657012939453125 20.167140960693359375 20.263135910034179688 20.391826629638671875 20.518817901611328125 20.6349945068359375 20.744747161865234375 20.800230026245117188 20.868017196655273438 21.003084182739257812 21.117616653442382812 21.041112899780273438 20.817516326904296875 20.573774337768554688 20.44541168212890625 20.418102264404296875 20.498378753662109375 20.691965103149414062 20.947729110717773438 21.250707626342773438 21.481189727783203125 21.553117752075195312
-9999 -9999 -9999 -9999 -9999 -9999 -9999 -9999 -9999 -9999 -9999 -9999 -9999 -9999 -9999 -9999 -9999 -9999 -9999 -9999 -9999 -9999 -9999 21.023590087890625 19.349687576293945312 17.4113311767578125 15.619372367858886719 14.234331130981445312 14.010661125183105469 14.87775421142578125 16.3966827392578125 18.037790298461914062 19.587270736694335938 20.479818344116210938 20.490137100219726562 20.284122467041015625 20.254217147827148438 20.2107086181640625 20.2136383056640625 20.301355361938476562 20.356624603271484375 20.55912017822265625 20.715366363525390625 20.832120895385742188 20.897674560546875 20.944629669189453125 21.05519866943359375 21.119527816772460938 21.0763397216796875 20.916645050048828125 20.72369384765625 20.631725311279296875 20.570903778076171875 20.649747848510742188 20.845491409301757812 21.046600341796875 21.310304641723632812 21.487508773803710938 21.48919677734375
-9999 -9999 -9999 -9999 -9999 -9999 -9999 -9999 -9999 -9999 -9999 -9999 -9999 -9999 -9999 -9999 -9999 -9999 -9999 -9999 -9999 -9999 -9999 19.92047119140625 18.160425186157226562 16.361436843872070312 15.047863006591796875 14.166086196899414062 14.239033699035644531 15.34165191650390625 16.889478683471679688 18.484086990356445312 20.024776458740234375 20.860750198364257812 20.757272720336914062 20.55738067626953125 20.5592041015625 20.49881744384765625 20.515054702758789062 20.556207656860351562 20.56731414794921875 20.735424041748046875 20.869176864624023438 20.953577041625976562 20.995416641235351562 21.01403045654296875 21.08083343505859375 21.138248443603515625 21.12567901611328125 21.046621322631835938 20.963520050048828125 20.953731536865234375 20.956029891967773438 21.02280426025390625 21.157657623291015625 21.27773284912109375 21.43767547607421875 21.552083969116210938 21.52947235107421875
21.0487823486328125 21.566358566284179688 -9999 -9999 -9999 -9999 -9999 -9999 -9999 -9999 -9999 -9999 -9999 -9999 -9999 -9999 -9999 -9999 -9999 -9999 -9999 -9999 19.729282379150390625 18.41872406005859375 17.098020553588867188 15.666614532470703125 14.7722930908203125 14.331992149353027344 14.698446273803710938 15.720163345336914062 17.0924530029296875 18.774530410766601562 20.263629913330078125 21.06943511962890625 21.092603683471679688 20.978954315185546875 20.9385833740234375 20.987108230590820312 20.992919921875 20.960058212280273438 21.022302627563476562 21.03026580810546875 21.068559646606445312 21.096538543701171875 21.076961517333984375 21.078571319580078125 21.100128173828125 21.129343032836914062 21.165882110595703125 21.212329864501953125 21.292694091796875 21.3417816162109375 21.499738693237304688 21.573041915893554688 21.553394317626953125 21.627847671508789062 21.622692108154296875 21.62206268310546875 21.553998947143554688
20.996429443359375 21.510234832763671875 22.075208663940429688 -9999 21.944890975952148438 -9999 -9999 -9999 -9999 -9999 -9999 -9999 -9999 -9999 -9999 -9999 -9999 -9999 -9999 -9999 -9999 -9999 18.941761016845703125 17.678920745849609375 16.564189910888671875 15.4644317626953125 14.812008857727050781 14.583379745483398438 15.039898872375488281 16.136175155639648438 17.539880752563476562 19.088672637939453125 20.440990447998046875 21.216398239135742188 21.270139694213867188 21.191713333129882812 21.187898635864257812 21.255767822265625 21.280029296875 21.247755050659179688 21.280727386474609375 21.240037918090820312 21.232694625854492188 21.220842361450195312 21.1865386962890625 21.168123245239257812 21.166477203369140625 21.183462142944335938 21.22660064697265625 21.302654266357421875 21.438688278198242188 21.541780471801757812 21.727596282958984375 21.7924041748046875 21.73486328125 21.74701690673828125 21.67931365966796875 21.650362014770507812 21.580968856811523438
