data/test/bio1.asc
ncols        720
nrows        300
xllcorner    -180.000000000000
yllcorner    -60.000000000000
cellsize     0.500000000000
NODATA_value  -9999
[rows 26 to 51 of 300, columns 177 to 235 of 720]
-32.760650634765625 -9999 -33.50565338134765625 -33.734691619873046875 -33.86650848388671875 -33.8904876708984375 -33.723712921142578125 -33.466732025146484375 -33.182468414306640625 -32.838550567626953125 -32.527156829833984375 -32.13097381591796875 -31.778181076049804688 -31.3672027587890625 -30.880762100219726562 -30.380609512329101562 -29.844532012939453125 -29.304082870483398438 -28.7234039306640625 -28.156673431396484375 -27.538690567016601562 -27.03562164306640625 -26.511302947998046875 -26.026754379272460938 -25.545976638793945312 -24.9927978515625 -24.956201553344726562 -24.824857711791992188 -9999 -9999 -9999 -9999 -9999 -9999 -9999 -9999 -9999 -9999 -9999 -9999 -9999 -25.782962799072265625 -26.10054779052734375 -26.440303802490234375 -26.999637603759765625 -27.517320632934570312 -27.811885833740234375 -28.222177505493164062 -28.476793289184570312 -28.6759033203125 -29.0608673095703125 -29.00438690185546875 -29.213115692138671875 -29.255784988403320312 -29.168840408325195312 -29.397998809814453125 -29.147144317626953125 -29.205965042114257812 -29.085514068603515625
-32.28151702880859375 -32.60497283935546875 -32.914722442626953125 -33.166828155517578125 -33.368816375732421875 -9999 -9999 -9999 -9999 -9999 -9999 -9999 -31.279237747192382812 -30.841043472290039062 -9999 -9999 -9999 -9999 -9999 -9999 -26.429624557495117188 -25.787649154663085938 -25.114976882934570312 -24.608800888061523438 -24.37648773193359375 -9999 -9999 -9999 -9999 -9999 -9999 -9999 -9999 -9999 -9999 -9999 -9999 -9999 -9999 -9999 -9999 -9999 -9999 -9999 -26.256830215454101562 -26.44440460205078125 -26.690250396728515625 -26.885854721069335938 -27.06873321533203125 -27.261199951171875 -27.4477081298828125 -27.576398849487304688 -27.7285308837890625 -27.790475845336914062 -27.805877685546875 -27.850862503051757812 -27.873640060424804688 -27.887115478515625 -27.753368377685546875
-31.834959030151367188 -32.050624847412109375 -32.32016754150390625 -32.56021881103515625 -32.76303863525390625 -32.918926239013671875 -9999 -9999 -9999 -9999 -9999 -9999 -9999 -30.492589950561523438 -29.984773635864257812 -29.510869979858398438 -28.830532073974609375 -28.065309524536132812 -27.359033584594726562 -26.7042999267578125 -25.916072845458984375 -9999 -9999 -9999 -9999 -9999 -9999 -9999 -9999 -9999 -9999 -9999 -9999 -9999 -9999 -9999 -9999 -9999 -9999 -9999 -9999 -9999 -9999 -9999 -9999 -9999 -9999 -9999 -9999 -9999 -9999 -9999 -9999 -9999 -9999 -9999 -9999 -9999 -9999
-31.443668365478515625 -31.566999435424804688 -31.733175277709960938 -31.934421539306640625 -32.0975189208984375 -32.228618621826171875 -32.23645782470703125 -32.172435760498046875 -32.04010772705078125 -31.821409225463867188 -31.597301483154296875 -31.2387847900390625 -30.862730026245117188 -30.47162628173828125 -30.030515670776367188 -29.566257476806640625 -28.995208740234375 -28.412553787231445312 -27.748699188232421875 -27.190832138061523438 -26.4823150634765625 -25.606428146362304688 -24.737276077270507812 -24.13726043701171875 -9999 -9999 -9999 -9999 -9999 -9999 -9999 -9999 -9999 -9999 -9999 -9999 -9999 -9999 -9999 -9999 -9999 -9999 -9999 -9999 -9999 -9999 -9999 -9999 -9999 -9999 -9999 -9999 -9999 -9999 -9999 -9999 -9999 -9999 -9999
-31.122066497802734375 -31.135822296142578125 -31.239749908447265625 -31.379011154174804688 -31.514867782592773438 -31.6700897216796875 -31.733034133911132812 -31.757574081420898438 -31.733392715454101562 -31.620220184326171875 -31.53591156005859375 -31.304347991943359375 -31.055246353149414062 -30.773633956909179688 -30.4207305908203125 -29.9978790283203125 -29.549163818359375 -29.071409225463867188 -28.445032119750976562 -27.87293243408203125 -27.219404220581054688 -26.349277496337890625 -25.427587509155273438 -9999 -9999 -9999 -9999 -9999 -9999 -9999 -9999 -9999 -9999 -9999 -9999 -9999 -9999 -9999 -9999 -9999 -9999 -9999 -9999 -9999 -9999 -9999 -9999 -9999 -9999 -9999 -9999 -9999 -9999 -9999 -9999 -9999 -9999 -9999 -9999
-9999 -9999 -9999 -9999 -9999 -9999 -9999 -9999 -9999 -9999 -9999 -9999 -9999 -9999 -9999 -9999 -9999 -9999 -9999 -9999 -9999 -9999 -9999 -9999 -9999 -9999 -9999 -9999 -9999 -9999 -9999 -9999 -9999 -9999 -9999 -9999 -9999 -9999 -9999 -9999 -9999 -9999 -9999 -9999 -9999 -9999 -9999 -9999 -9999 -9999 -9999 -9999 -9999 -9999 -9999 -9999 -9999 -9999 -9999
-30.758022308349609375 -30.701845169067382812 -9999 -9999 -9999 -9999 -9999 -31.719934463500976562 -31.849941253662109375 -31.930070877075195312 -31.957986831665039062 -31.990955352783203125 -31.985918045043945312 -9999 -9999 -9999 -9999 -30.810985565185546875 -30.317413330078125 -29.727880477905273438 -9999 -28.445217132568359375 -27.773672103881835938 -27.197141647338867188 -9999 -9999 -25.810396194458007812 -9999 -9999 -9999 -9999 -9999 -9999 -9999 -9999 -9999 -9999 -9999 -9999 -9999 -9999 -9999 -9999 -9999 -9999 -9999 -9999 -9999 -9999 -9999 -9999 -9999 -9999 -9999 -9999 -9999 -9999 -9999 -9999
-30.67569732666015625 -9999 -9999 -9999 -9999 -31.390298843383789062 -31.682214736938476562 -32.0292205810546875 -32.199787139892578125 -32.256519317626953125 -32.363128662109375 -9999 -32.50662994384765625 -32.460796356201171875 -32.328868865966796875 -32.246173858642578125 -31.995128631591796875 -31.873384475708007812 -31.522205352783203125 -31.002826690673828125 -30.607282638549804688 -30.020799636840820312 -29.6066131591796875 -29.17636871337890625 -28.514669418334960938 -28.149188995361328125 -27.575771331787109375 -27.077365875244140625 -26.46340179443359375 -25.481622695922851562 -9999 -9999 -9999 -9999 -9999 -9999 -9999 -9999 -9999 -9999 -9999 -9999 -9999 -9999 -9999 -9999 -9999 -9999 -9999 -9999 -9999 -9999 -9999 -9999 -9999 -9999 -9999 -9999 -9999
-9999 -9999 -9999 -9999 -31.283161163330078125 -31.579122543334960938 -31.90425872802734375 -32.20147705078125 -32.386989593505859375 -32.4843292236328125 -9999 -32.582637786865234375 -32.622371673583984375 -32.62606048583984375 -32.61162567138671875 -32.64385986328125 -32.589107513427734375 -32.536991119384765625 -32.415985107421875 -32.18718719482421875 -31.95449066162109375 -31.509977340698242188 -31.160053253173828125 -30.747976303100585938 -30.23828887939453125 -29.865613937377929688 -9999 -28.689748764038085938 -27.892194747924804688 -26.816286087036132812 -25.816095352172851562 -9999 -9999 -9999 -9999 -9999 -9999 -9999 -9999 -9999 -9999 -9999 -9999 -9999 -9999 -9999 -9999 -9999 -9999 -9999 -9999 -9999 -9999 -9999 -9999 -9999 -9999 -9999 -9999
-9999 -9999 -9999 -31.083093643188476562 -31.349412918090820312 -31.714738845825195312 -31.9674835205078125 -32.29183197021484375 -32.46073150634765625 -32.4736785888671875 -9999 -32.490802764892578125 -32.49994659423828125 -32.521656036376953125 -32.579074859619140625 -32.66201019287109375 -32.77751922607421875 -32.939182281494140625 -32.9625701904296875 -32.847270965576171875 -32.7828216552734375 -32.485652923583984375 -32.285778045654296875 -31.942890167236328125 -31.456409454345703125 -31.121896743774414062 -30.51242828369140625 -29.99761199951171875 -29.314924240112304688 -28.40888214111328125 -27.7420806884765625 -26.7782440185546875 -25.97367095947265625 -25.373340606689453125 -9999 -9999 -9999 -9999 -9999 -9999 -9999 -9999 -9999 -9999 -9999 -9999 -9999 -9999 -9999 -9999 -9999 -9999 -9999 -9999 -9999 -9999 -9999 -9999 -9999
-9999 -9999 -9999 -31.223276138305664062 -31.566801071166992188 -31.916231155395507812 -32.21834564208984375 -32.47168731689453125 -32.637042999267578125 -32.681427001953125 -32.703136444091796875 -32.71321868896484375 -32.70062255859375 -32.74449920654296875 -32.8810577392578125 -32.995166778564453125 -33.1881103515625 -33.38763427734375 -33.48677825927734375 -33.542148590087890625 -33.523128509521484375 -33.3813018798828125 -33.20624542236328125 -32.946376800537109375 -32.57767486572265625 -32.1616973876953125 -31.633411407470703125 -31.108190536499023438 -30.492715835571289062 -29.7984771728515625 -29.148672103881835938 -28.389978408813476562 -27.700887680053710938 -27.137821197509765625 -26.57251739501953125 -26.162672042846679688 -26.01180267333984375 -9999 -9999 -9999 -9999 -9999 -9999 -9999 -9999 -9999 -9999 -9999 -9999 -9999 -9999 -9999 -9999 -9999 -9999 -9999 -9999 -9999 -9999
-9999 -9999 -9999 -31.354671478271484375 -31.739826202392578125 -32.112606048583984375 -32.37928009033203125 -32.645626068115234375 -32.825649261474609375 -32.887256622314453125 -32.96619415283203125 -32.9981842041015625 -33.05907440185546875 -33.144023895263671875 -33.2777557373046875 -33.444507598876953125 -33.623455047607421875 -33.867340087890625 -33.999095916748046875 -34.097560882568359375 -34.1809234619140625 -34.045444488525390625 -33.99665069580078125 -33.7483062744140625 -33.28980255126953125 -33.024951934814453125 -32.394672393798828125 -31.912021636962890625 -31.375102996826171875 -30.6347198486328125 -30.180385589599609375 -29.590650558471679688 -29.28680419921875 -28.945062637329101562 -28.57382965087890625 -28.589281082153320312 -28.27581024169921875 -28.25713348388671875 -27.999698638916015625 -27.354986190795898438 -26.859827041625976562 -9999 -9999 -9999 -9999 -9999 -9999 -9999 -9999 -9999 -9999 -9999 -9999 -9999 -9999 -9999 -9999 -9999 -9999
-9999 -9999 -9999 -9999 -31.921175003051757812 -32.213756561279296875 -32.502197265625 -32.715122222900390625 -32.9114837646484375 -33.08420562744140625 -33.1915740966796875 -33.33382415771484375 -33.442035675048828125 -33.58060455322265625 -33.765758514404296875 -33.946765899658203125 -34.172107696533203125 -34.382854461669921875 -34.567722320556640625 -34.734485626220703125 -34.838466644287109375 -34.812358856201171875 -34.706279754638671875 -34.466693878173828125 -34.028461456298828125 -33.603359222412109375 -33.05107879638671875 -32.547046661376953125 -31.99759674072265625 -31.380767822265625 -30.923702239990234375 -30.552099227905273438 -30.374433517456054688 -30.30005645751953125 -30.284215927124023438 -30.381311416625976562 -30.365552902221679688 -30.41005706787109375 -30.209575653076171875 -29.765459060668945312 -29.2857513427734375 -28.796016693115234375 -28.166032791137695312 -27.498027801513671875 -26.75870513916015625 -9999 -9999 -9999 -9999 -9999 -9999 -9999 -9999 -9999 -9999 -9999 -9999 -9999 -9999
-9999 -31.367511749267578125 -9999 -9999 -9999 -9999 -32.460109710693359375 -32.660533905029296875 -32.87567138671875 -33.0977630615234375 -33.35717010498046875 -33.48255157470703125 -33.706394195556640625 -33.88797760009765625 -34.061351776123046875 -34.3642120361328125 -34.456634521484375 -34.740146636962890625 -34.920742034912109375 -35.07033538818359375 -35.355316162109375 -35.165771484375 -35.140537261962890625 -34.87699127197265625 -34.30982208251953125 -33.93310546875 -33.302825927734375 -32.8372039794921875 -32.323055267333984375 -31.6530914306640625 -31.31868743896484375 -31.0237579345703125 -31.005182266235351562 -31.117410659790039062 -31.334827423095703125 -31.739652633666992188 -31.829282760620117188 -32.13690948486328125 -32.123149871826171875 -31.908794403076171875 -31.937000274658203125 -31.204833984375 -30.729394912719726562 -29.947103500366210938 -28.706548690795898438 -27.698801040649414062 -26.327610015869140625 -25.045305252075195312 -9999 -9999 -9999 -9999 -9999 -9999 -9999 -9999 -9999 -9999 -9999
-31.579462051391601562 -9999 -9999 -9999 -9999 -9999 -9999 -9999 -9999 -9999 -9999 -9999 -33.69423675537109375 -33.903209686279296875 -34.127239227294921875 -34.32886505126953125 -34.576015472412109375 -34.804317474365234375 -34.9665985107421875 -9999 -9999 -35.1656036376953125 -35.066844940185546875 -34.835597991943359375 -34.4168701171875 -9999 -33.43070220947265625 -32.8641815185546875 -32.3597259521484375 -31.895776748657226562 -31.528326034545898438 -31.389041900634765625 -31.401348114013671875 -31.6654510498046875 -32.11054229736328125 -32.583293914794921875 -32.952236175537109375 -33.326480865478515625 -33.507167816162109375 -33.5344390869140625 -33.498744964599609375 -33.129425048828125 -32.62371826171875 -31.804615020751953125 -30.632177352905273438 -29.33589935302734375 -27.781656265258789062 -26.177816390991210938 -24.88033294677734375 -9999 -9999 -9999 -9999 -9999 -9999 -9999 -9999 -9999 -9999
-31.765167236328125 -31.7469329833984375 -31.81598663330078125 -9999 -31.976621627807617188 -9999 -9999 -9999 -9999 -9999 -9999 -9999 -33.585147857666015625 -33.79164886474609375 -34.010471343994140625 -34.172115325927734375 -34.44029998779296875 -34.6862945556640625 -34.8175811767578125 -34.91884613037109375 -34.884490966796875 -9999 -9999 -9999 -9999 -33.92475128173828125 -33.487087249755859375 -9999 -32.395397186279296875 -32.0149993896484375 -9999 -31.695932388305664062 -31.717924118041992188 -32.059238433837890625 -32.621509552001953125 -33.181812286376953125 -33.62818145751953125 -34.0989837646484375 -34.371532440185546875 -34.538211822509765625 -34.674076080322265625 -34.339321136474609375 -33.979351043701171875 -33.247646331787109375 -32.07501220703125 -30.939327239990234375 -29.327312469482421875 -27.555391311645507812 -26.140224456787109375 -24.86023712158203125 -9999 -9999 -9999 -9999 -9999 -9999 -9999 -9999 -9999
-31.800313949584960938 -31.855609893798828125 -9999 -31.954227447509765625 -32.02298736572265625 -32.120513916015625 -32.28392791748046875 -9999 -9999 -9999 -9999 -33.3184814453125 -33.55341339111328125 -33.736667633056640625 -33.932750701904296875 -34.075763702392578125 -34.301910400390625 -34.493389129638671875 -34.584163665771484375 -34.681972503662109375 -34.681488037109375 -9999 -9999 -9999 -9999 -34.04573822021484375 -9999 -9999 -9999 -9999 -32.1921844482421875 -9999 -32.188014984130859375 -32.5105133056640625 -32.980449676513671875 -33.50348663330078125 -33.9691925048828125 -34.419178009033203125 -34.752979278564453125 -34.98166656494140625 -35.12386322021484375 -34.952358245849609375 -34.6593780517578125 -34.059543609619140625 -33.138896942138671875 -32.048248291015625 -30.728145599365234375 -29.301355361938476562 -9999 -9999 -9999 -9999 -9999 -9999 -9999 -9999 -9999 -9999 -9999
-31.919403076171875 -32.0808868408203125 -32.12790679931640625 -32.21398162841796875 -32.32996368408203125 -32.326702117919921875 -32.579807281494140625 -32.73610687255859375 -32.92154693603515625 -33.143527984619140625 -9999 -33.53739166259765625 -33.71089935302734375 -33.84461212158203125 -33.998088836669921875 -34.06615447998046875 -34.277400970458984375 -34.42215728759765625 -34.478237152099609375 -9999 -9999 -9999 -9999 -9999 -34.367214202880859375 -34.17662811279296875 -9999 -9999 -9999 -32.824535369873046875 -32.676860809326171875 -32.556018829345703125 -32.59349822998046875 -32.828495025634765625 -33.174671173095703125 -33.654815673828125 -34.021007537841796875 -34.48091888427734375 -34.801647186279296875 -35.03527069091796875 -35.2784423828125 -35.105953216552734375 -34.91898345947265625 -34.44892120361328125 -33.67957305908203125 -32.958507537841796875 -31.920505523681640625 -30.900701522827148438 -30.0137176513671875 -29.073987960815429688 -28.323434829711914062 -27.645509719848632812 -9999 -9999 -9999 -9999 -9999 -9999 -9999
-32.33127593994140625 -32.463237762451171875 -32.61212921142578125 -32.725421905517578125 -32.803741455078125 -32.942752838134765625 -33.064823150634765625 -9999 -9999 -33.5679779052734375 -33.753170013427734375 -33.885028839111328125 -34.0240478515625 -34.106029510498046875 -34.163848876953125 -34.246212005615234375 -34.357006072998046875 -34.49845123291015625 -34.494892120361328125 -34.41539764404296875 -9999 -9999 -9999 -9999 -9999 -9999 -9999 -9999 -33.278583526611328125 -33.046825408935546875 -32.866725921630859375 -32.750125885009765625 -32.68235015869140625 -9999 -33.085399627685546875 -33.396152496337890625 -9999 -34.19837188720703125 -34.503780364990234375 -34.70554351806640625 -34.7945404052734375 -34.7401275634765625 -34.540904998779296875 -34.210514068603515625 -33.721710205078125 -33.15067291259765625 -32.507892608642578125 -31.932216644287109375 -31.37518310546875 -30.825963973999023438 -30.405748367309570312 -29.776384353637695312 -29.292659759521484375 -28.587472915649414062 -27.584665298461914062 -9999 -9999 -9999 -9999
-32.774768829345703125 -32.991832733154296875 -33.180267333984375 -33.334621429443359375 -33.471294403076171875 -33.589874267578125 -33.7379608154296875 -33.86673736572265625 -34.024181365966796875 -34.19107818603515625 -34.317584991455078125 -34.425182342529296875 -34.46816253662109375 -34.47946929931640625 -34.5174407958984375 -34.460418701171875 -34.495197296142578125 -34.54553985595703125 -34.435985565185546875 -34.293018341064453125 -34.150829315185546875 -9999 -9999 -9999 -9999 -9999 -9999 -9999 -9999 -33.143550872802734375 -32.935115814208984375 -32.8577423095703125 -9999 -9999 -9999 -9999 -9999 -9999 -34.159374237060546875 -34.291957855224609375 -34.266162872314453125 -34.257843017578125 -34.055210113525390625 -33.816669464111328125 -33.5014190673828125 -33.100376129150390625 -32.704677581787109375 -32.37076568603515625 -32.0568389892578125 -31.752653121948242188 -31.627405166625976562 -31.062215805053710938 -30.675872802734375 -29.971202850341796875 -28.769792556762695312 -27.827289581298828125 -26.639110565185546875 -9999 -9999
-33.142185211181640625 -33.37467193603515625 -33.641635894775390625 -33.824947357177734375 -33.9605865478515625 -34.14406585693359375 -34.253658294677734375 -34.42783355712890625 -34.568660736083984375 -34.692317962646484375 -34.837955474853515625 -34.84886932373046875 -34.862430572509765625 -34.826953887939453125 -34.77205657958984375 -34.706790924072265625 -34.52899169921875 -34.339496612548828125 -34.178394317626953125 -9999 -9999 -9999 -9999 -9999 -9999 -9999 -9999 -9999 -9999 -9999 -9999 -9999 -9999 -9999 -9999 -9999 -33.49420166015625 -33.7504730224609375 -33.91545867919921875 -33.920246124267578125 -33.83670806884765625 -33.76224517822265625 -33.607421875 -33.4202117919921875 -33.129070281982421875 -32.82175445556640625 -32.46019744873046875 -32.12139892578125 -31.841405868530273438 -31.517690658569335938 -31.200283050537109375 -30.829713821411132812 -30.4340667724609375 -29.79974365234375 -28.917812347412109375 -28.089132308959960938 -26.986095428466796875 -26.006143569946289062 -24.875436782836914062
-33.484691619873046875 -33.806903839111328125 -34.079074859619140625 -34.3294830322265625 -34.543731689453125 -34.691162109375 -34.90673065185546875 -35.035152435302734375 -35.148345947265625 -35.2990875244140625 -35.310985565185546875 -9999 -35.249271392822265625 -35.122562408447265625 -35.030544281005859375 -34.83274078369140625 -34.554172515869140625 -9999 -9999 -9999 -9999 -9999 -9999 -9999 -9999 -9999 -9999 -9999 -9999 -9999 -9999 -9999 -9999 -9999 -33.044841766357421875 -33.20877838134765625 -33.47281646728515625 -33.657970428466796875 -33.7508697509765625 -33.67431640625 -33.52153778076171875 -33.452991485595703125 -33.262973785400390625 -33.08052825927734375 -32.798801422119140625 -32.501811981201171875 -32.19835662841796875 -31.808771133422851562 -31.466146469116210938 -31.10823822021484375 -30.68282318115234375 -30.323923110961914062 -29.902589797973632812 -29.408140182495117188 -28.76502227783203125 -28.044239044189453125 -27.154241561889648438 -26.222812652587890625 -25.034673690795898438
-33.756206512451171875 -34.0396575927734375 -34.472530364990234375 -34.73152923583984375 -34.8718719482421875 -35.18698883056640625 -35.280002593994140625 -35.53993988037109375 -35.64244842529296875 -35.5958404541015625 -9999 -35.5598602294921875 -35.52553558349609375 -35.37374114990234375 -9999 -34.79573822021484375 -34.48621368408203125 -9999 -9999 -9999 -9999 -9999 -9999 -9999 -9999 -9999 -9999 -9999 -9999 -9999 -9999 -9999 -9999 -9999 -9999 -33.225006103515625 -33.35332489013671875 -33.55110931396484375 -33.61672210693359375 -33.44256591796875 -33.34212493896484375 -33.131290435791015625 -32.941936492919921875 -32.739688873291015625 -32.44701385498046875 -32.163730621337890625 -31.88373565673828125 -31.602848052978515625 -31.2564697265625 -9999 -9999 -29.9582672119140625 -29.526123046875 -28.959306716918945312 -28.315633773803710938 -27.66280364990234375 -26.798051834106445312 -25.947803497314453125 -24.846689224243164062
-34.112171173095703125 -34.41074371337890625 -34.7531585693359375 -35.022930145263671875 -35.29801177978515625 -35.5504302978515625 -35.634532928466796875 -35.765842437744140625 -35.885639190673828125 -9999 -9999 -36.01050567626953125 -35.8289794921875 -35.59630584716796875 -35.339084625244140625 -34.987361907958984375 -9999 -9999 -9999 -9999 -9999 -9999 -9999 -9999 -9999 -9999 -9999 -9999 -33.523723602294921875 -33.256847381591796875 -33.076511383056640625 -32.900463104248046875 -32.815673828125 -32.8654022216796875 -32.96949005126953125 -33.187267303466796875 -33.299297332763671875 -33.402599334716796875 -33.426357269287109375 -33.313228607177734375 -33.202724456787109375 -32.99283599853515625 -32.760364532470703125 -32.562671661376953125 -32.306133270263671875 -32.061496734619140625 -31.8659820556640625 -31.558542251586914062 -31.223524093627929688 -30.854909896850585938 -9999 -9999 -9999 -28.477319717407226562 -27.748270034790039062 -26.99822998046875 -26.204442977905273438 -9999 -9999
-34.32831573486328125 -34.56280517578125 -34.9384002685546875 -35.17803192138671875 -35.328739166259765625 -35.573822021484375 -35.60681915283203125 -35.738529205322265625 -35.8801116943359375 -9999 -36.301288604736328125 -36.153507232666015625 -36.085559844970703125 -35.893947601318359375 -35.4688262939453125 -35.24275970458984375 -34.752300262451171875 -34.393341064453125 -34.082752227783203125 -9999 -9999 -9999 -9999 -9999 -9999 -9999 -33.45006561279296875 -33.554595947265625 -33.4452362060546875 -33.093212127685546875 -32.862239837646484375 -32.6841278076171875 -32.68062591552734375 -32.7150421142578125 -32.774776458740234375 -32.971832275390625 -33.031902313232421875 -33.144557952880859375 -33.203899383544921875 -33.088764190673828125 -33.080989837646484375 -32.942722320556640625 -32.774585723876953125 -32.623790740966796875 -32.367259979248046875 -32.194332122802734375 -31.947748184204101562 -31.681711196899414062 -31.349599838256835938 -31.029588699340820312 -30.573106765747070312 -29.797803878784179688 -28.923320770263671875 -9999 -9999 -9999 -9999 -9999 -9999
-34.268283843994140625 -34.5782470703125 -34.83763885498046875 -35.044528961181640625 -35.2745361328125 -35.439708709716796875 -35.570652008056640625 -9999 -9999 -9999 -36.1954193115234375 -36.183208465576171875 -36.066806793212890625 -35.899272918701171875 -35.566619873046875 -35.2252349853515625 -34.794055938720703125 -34.39020538330078125 -34.035869598388671875 -33.707427978515625 -9999 -9999 -9999 -9999 -9999 -9999 -9999 -33.3651580810546875 -33.240093231201171875 -32.9469757080078125 -32.66245269775390625 -32.503139495849609375 -32.4069061279296875 -9999 -32.412479400634765625 -32.499187469482421875 -32.56104278564453125 -32.680511474609375 -32.854328155517578125 -32.952709197998046875 -33.056732177734375 -33.052974700927734375 -32.95157623291015625 -32.853725433349609375 -32.6708984375 -32.438083648681640625 -32.1452789306640625 -31.847599029541015625 -31.482242584228515625 -31.11356353759765625 -30.508123397827148438 -29.596738815307617188 -28.485380172729492188 -27.389308929443359375 -9999 -9999 -9999 -9999 -9999
