data/test/bio1.asc
ncols        720
nrows        300
xllcorner    -180.000000000000
yllcorner    -60.000000000000
cellsize     0.500000000000
NODATA_value  -9999
[rows 234 to 259 of 300, columns 590 to 648 of 720]
19.270139694213867188 18.8793487548828125 18.426210403442382812 18.023637771606445312 17.654926300048828125 17.359685897827148438 17.1917877197265625 17.056058883666992188 16.9461822509765625 16.84453582763671875 16.743701934814453125 16.678110122680664062 16.590394973754882812 16.53215789794921875 16.467487335205078125 16.4609222412109375 16.510599136352539062 16.563356399536132812 16.702455520629882812 16.793811798095703125 16.886377334594726562 16.968915939331054688 16.956146240234375 17.018428802490234375 16.967313766479492188 16.847723007202148438 16.699872970581054688 16.43280792236328125 16.219228744506835938 15.953894615173339844 15.794215202331542969 15.749255180358886719 15.702021598815917969 15.8077392578125 15.903568267822265625 16.165861129760742188 16.496030807495117188 16.886083602905273438 17.528398513793945312 18.100925445556640625 18.421222686767578125 18.456510543823242188 18.3015289306640625 18.068479537963867188 17.849330902099609375 17.901857376098632812 18.255430221557617188 18.468814849853515625 18.292612075805664062 17.971952438354492188 17.988582611083984375 18.312807083129882812 18.633539199829101562 18.687715530395507812 18.601827621459960938 18.389814376831054688 18.0525054931640625 17.671979904174804688 17.300777435302734375
18.851133346557617188 18.449106216430664062 18.024736404418945312 17.613149642944335938 17.274778366088867188 17.017879486083984375 16.906461715698242188 16.812870025634765625 16.6724395751953125 16.54444122314453125 16.431671142578125 16.360788345336914062 16.27462005615234375 16.15631866455078125 16.027425765991210938 16.002229690551757812 16.074100494384765625 16.147947311401367188 16.351261138916015625 16.528421401977539062 16.656457901000976562 16.750110626220703125 16.821592330932617188 16.80857086181640625 16.811174392700195312 16.7361602783203125 16.605098724365234375 16.4712677001953125 16.24248504638671875 16.038787841796875 15.911395072937011719 15.847259521484375 15.825365066528320312 15.871506690979003906 15.925503730773925781 16.157054901123046875 16.475992202758789062 16.838365554809570312 17.406658172607421875 17.939905166625976562 18.221050262451171875 18.232065200805664062 18.254705429077148438 17.84903717041015625 17.592010498046875 17.658664703369140625 18.102384567260742188 18.615478515625 18.153829574584960938 17.743635177612304688 17.647279739379882812 17.73900604248046875 17.830205917358398438 18.113801956176757812 18.277872085571289062 18.189500808715820312 17.900297164916992188 17.623594284057617188 17.190088272094726562
18.508754730224609375 18.077554702758789062 17.598928451538085938 17.216516494750976562 16.915792465209960938 16.69724273681640625 16.630723953247070312 16.57088470458984375 16.42765045166015625 16.276994705200195312 16.155574798583984375 16.093420028686523438 16.014379501342773438 15.879647254943847656 15.742298126220703125 15.71895599365234375 15.792402267456054688 15.926308631896972656 16.148288726806640625 16.360279083251953125 16.514739990234375 16.60620880126953125 16.629903793334960938 16.64788818359375 16.62508392333984375 16.578832626342773438 16.527069091796875 16.43808746337890625 16.319223403930664062 16.192590713500976562 16.109014511108398438 16.063543319702148438 16.065565109252929688 16.101226806640625 16.19853973388671875 16.40758514404296875 16.661725997924804688 16.987720489501953125 17.362842559814453125 17.693876266479492188 17.868499755859375 17.848827362060546875 17.72650146484375 17.508031845092773438 17.329952239990234375 17.393970489501953125 17.73920440673828125 17.96366119384765625 17.742208480834960938 17.37847900390625 17.259634017944335938 17.317628860473632812 17.471300125122070312 17.6291961669921875 17.761445999145507812 17.719270706176757812 17.5292205810546875 17.280092239379882812 16.970794677734375
18.246654510498046875 17.755741119384765625 17.176517486572265625 16.82991790771484375 16.54781341552734375 16.350358963012695312 16.333925247192382812 16.336950302124023438 16.145643234252929688 15.991471290588378906 15.875238418579101562 15.825333595275878906 15.7841796875 15.620355606079101562 15.489809989929199219 15.481174468994140625 15.572617530822753906 15.727476119995117188 15.995860099792480469 16.24688720703125 16.407342910766601562 16.466054916381835938 16.462650299072265625 16.48088836669921875 16.44559478759765625 16.425844192504882812 16.445123672485351562 16.419984817504882812 16.39156341552734375 16.359407424926757812 16.33483123779296875 16.315507888793945312 16.3069915771484375 16.358062744140625 16.483545303344726562 16.64809417724609375 16.801120758056640625 17.12142181396484375 17.269496917724609375 17.408451080322265625 17.498779296875 17.405427932739257812 17.182373046875 17.203001022338867188 17.082750320434570312 17.122478485107421875 17.361509323120117188 17.351884841918945312 17.225687026977539062 16.933912277221679688 16.839456558227539062 16.9394073486328125 17.131891250610351562 17.150907516479492188 17.212459564208984375 17.170558929443359375 17.042852401733398438 16.8637237548828125 16.675464630126953125
18.070413589477539062 17.561431884765625 16.995326995849609375 16.5556793212890625 16.21596527099609375 15.987889289855957031 15.947587966918945312 15.919656753540039062 15.799737930297851562 15.677572250366210938 15.575356483459472656 15.522662162780761719 15.468908309936523438 15.325757026672363281 15.216678619384765625 15.244755744934082031 15.386877059936523438 15.616643905639648438 15.864217758178710938 16.11368560791015625 16.278964996337890625 16.346767425537109375 16.379974365234375 16.37337493896484375 16.370574951171875 16.377248764038085938 16.383419036865234375 16.437713623046875 16.482599258422851562 16.571374893188476562 16.598438262939453125 16.557573318481445312 16.580760955810546875 16.534574508666992188 16.583524703979492188 16.671476364135742188 16.76495361328125 16.917797088623046875 16.97606658935546875 17.04015350341796875 17.084619522094726562 17.077484130859375 17.097143173217773438 17.028369903564453125 17.010507583618164062 17.032571792602539062 17.122880935668945312 17.14070892333984375 16.822200775146484375 16.486804962158203125 16.37046051025390625 16.468324661254882812 16.606105804443359375 16.604021072387695312 16.572841644287109375 16.539953231811523438 16.496736526489257812 16.44841766357421875 16.315296173095703125
17.968053817749023438 17.437244415283203125 16.829748153686523438 16.366174697875976562 15.931318283081054688 15.647343635559082031 15.578680992126464844 15.512294769287109375 15.409399986267089844 15.32816314697265625 15.241148948669433594 15.190992355346679688 15.1425933837890625 15.009263038635253906 14.915402412414550781 14.979475021362304688 15.187252998352050781 15.461369514465332031 15.70630645751953125 15.958556175231933594 16.120182037353515625 16.17725372314453125 16.256748199462890625 16.2069549560546875 16.23731231689453125 16.2704315185546875 16.291677474975585938 16.3984375 16.506216049194335938 16.692224502563476562 16.7500152587890625 16.690095901489257812 16.715574264526367188 16.55915069580078125 16.51035308837890625 16.526477813720703125 16.559339523315429688 16.651004791259765625 16.641435623168945312 16.616657257080078125 16.636089324951171875 16.684114456176757812 16.875722885131835938 16.709726333618164062 16.788692474365234375 16.80565643310546875 16.78406524658203125 16.888896942138671875 16.373956680297851562 15.966071128845214844 15.808263778686523438 15.901627540588378906 16.069965362548828125 16.028921127319335938 15.940122604370117188 15.9149322509765625 15.949687957763671875 15.977583885192871094 15.833079338073730469
17.817333221435546875 17.348728179931640625 16.79793548583984375 16.244295120239257812 15.767887115478515625 15.397543907165527344 15.191401481628417969 15.073300361633300781 14.979689598083496094 14.935353279113769531 14.861291885375976562 14.791541099548339844 14.732164382934570312 14.648736000061035156 14.622561454772949219 14.72713470458984375 14.935256004333496094 15.210290908813476562 15.463579177856445312 15.69510650634765625 15.843875885009765625 15.887463569641113281 15.899891853332519531 15.887796401977539062 15.893308639526367188 15.96295166015625 16.081502914428710938 16.255983352661132812 16.38330841064453125 16.525381088256835938 16.583116531372070312 16.544397354125976562 16.485630035400390625 16.3350677490234375 16.213426589965820312 16.173921585083007812 16.21981048583984375 16.280742645263671875 16.249792098999023438 16.205770492553710938 16.148609161376953125 16.04651641845703125 15.9912872314453125 15.997159004211425781 16.040380477905273438 16.067899703979492188 16.121850967407226562 16.042964935302734375 15.728438377380371094 15.338990211486816406 15.201451301574707031 15.292134284973144531 15.381281852722167969 15.471744537353515625 15.476155281066894531 15.4366455078125 15.348528861999511719 15.236660957336425781 15.200771331787109375
17.645887374877929688 17.226869583129882812 16.703168869018554688 16.102422714233398438 15.552373886108398438 15.109135627746582031 14.825815200805664062 14.617228507995605469 14.541707992553710938 14.519965171813964844 14.449022293090820312 14.381175041198730469 14.318149566650390625 14.305315971374511719 14.321173667907714844 14.458207130432128906 14.683675765991210938 14.938388824462890625 15.191123008728027344 15.40592193603515625 15.539082527160644531 15.571355819702148438 15.552211761474609375 15.560575485229492188 15.545344352722167969 15.63986968994140625 15.846096038818359375 16.043880462646484375 16.16648101806640625 16.276584625244140625 16.331752777099609375 16.302318572998046875 16.234571456909179688 16.124925613403320312 15.9428253173828125 15.872797012329101562 15.903750419616699219 15.92339324951171875 15.876610755920410156 15.777674674987792969 15.636968612670898438 15.402818679809570312 15.160258293151855469 15.227062225341796875 15.256594657897949219 15.305480003356933594 15.407175064086914062 15.325804710388183594 15.169948577880859375 14.837338447570800781 14.763098716735839844 14.921553611755371094 14.917294502258300781 15.095698356628417969 15.110616683959960938 15.020830154418945312 14.8494873046875 14.610842704772949219 14.645262718200683594
-9999 16.956298828125 16.455751419067382812 15.804522514343261719 15.196600914001464844 14.706315994262695312 14.3745574951171875 14.181162834167480469 14.091441154479980469 14.071378707885742188 14.023222923278808594 13.97447967529296875 13.934865951538085938 13.976964950561523438 14.060212135314941406 14.217564582824707031 14.424637794494628906 14.651221275329589844 14.902689933776855469 15.099444389343261719 15.243950843811035156 15.307711601257324219 15.304204940795898438 15.332188606262207031 15.34307098388671875 15.442992210388183594 15.63494110107421875 15.793997764587402344 15.933375358581542969 16.014423370361328125 16.067525863647460938 16.08594512939453125 16.067607879638671875 15.992955207824707031 15.869142532348632812 15.767842292785644531 15.663733482360839844 15.519839286804199219 15.493304252624511719 15.394804954528808594 15.209819793701171875 14.939504623413085938 14.679278373718261719 14.662690162658691406 14.686132431030273438 14.735856056213378906 14.856057167053222656 14.8636322021484375 14.794480323791503906 14.683693885803222656 14.69274139404296875 14.805521011352539062 14.921462059020996094 14.924912452697753906 14.823290824890136719 14.695360183715820312 14.507910728454589844 14.295615196228027344 14.293702125549316406
-9999 16.597652435302734375 16.0712127685546875 15.369904518127441406 14.719285011291503906 14.219210624694824219 13.919950485229492188 13.741611480712890625 13.713803291320800781 13.713275909423828125 13.69722747802734375 13.689174652099609375 13.64984893798828125 13.748843193054199219 13.851795196533203125 14.0084075927734375 14.207593917846679688 14.409962654113769531 14.669702529907226562 14.869853019714355469 15.035681724548339844 15.137419700622558594 15.158911705017089844 15.229681968688964844 15.244757652282714844 15.329549789428710938 15.488145828247070312 15.598388671875 -9999 -9999 -9999 -9999 -9999 15.912329673767089844 15.851187705993652344 15.777237892150878906 15.623824119567871094 15.371851921081542969 15.33487701416015625 15.164178848266601562 14.945924758911132812 14.677559852600097656 14.373682022094726562 14.365444183349609375 14.334830284118652344 14.366182327270507812 14.503034591674804688 14.520711898803710938 14.533773422241210938 14.52954864501953125 14.586484909057617188 14.709552764892578125 14.850474357604980469 14.818819999694824219 14.690145492553710938 14.560746192932128906 14.397211074829101562 14.164395332336425781 14.158061027526855469
-9999 16.078517913818359375 15.478174209594726562 14.767033576965332031 14.111585617065429688 13.665917396545410156 13.4539794921875 13.380423545837402344 13.402706146240234375 13.468947410583496094 13.500797271728515625 13.51294708251953125 13.536992073059082031 13.589567184448242188 13.681300163269042969 13.835124015808105469 14.018658638000488281 14.232028961181640625 14.484471321105957031 14.7316741943359375 14.916170120239257812 15.04001617431640625 15.143820762634277344 15.166768074035644531 15.23418426513671875 -9999 -9999 -9999 -9999 -9999 -9999 -9999 -9999 -9999 -9999 -9999 15.699770927429199219 15.587720870971679688 15.315347671508789062 15.040297508239746094 14.795695304870605469 14.544668197631835938 14.349849700927734375 14.22362518310546875 14.16701507568359375 14.15132904052734375 14.196532249450683594 14.238249778747558594 14.22327423095703125 14.2213897705078125 14.300993919372558594 14.411001205444335938 14.532511711120605469 14.6071929931640625 14.656056404113769531 14.599747657775878906 14.45465087890625 14.32254791259765625 14.170062065124511719
-9999 15.466700553894042969 14.786030769348144531 14.097638130187988281 13.504335403442382812 13.146254539489746094 13.072671890258789062 13.077422142028808594 13.17765045166015625 13.304567337036132812 13.368360519409179688 13.400000572204589844 13.411176681518554688 13.454332351684570312 13.513668060302734375 13.665440559387207031 13.857374191284179688 14.088557243347167969 14.349704742431640625 14.576093673706054688 14.762349128723144531 -9999 -9999 -9999 -9999 -9999 -9999 -9999 -9999 -9999 -9999 -9999 -9999 -9999 -9999 -9999 -9999 -9999 15.212398529052734375 14.8822784423828125 14.645428657531738281 14.45668792724609375 14.311582565307617188 14.185770034790039062 14.078682899475097656 14.013860702514648438 14.006478309631347656 13.977447509765625 13.918786048889160156 13.873270034790039062 13.938076972961425781 14.071298599243164062 14.232571601867675781 14.398127555847167969 14.53148651123046875 14.557664871215820312 14.495607376098632812 14.395887374877929688 14.200287818908691406
-9999 14.8223876953125 13.990154266357421875 13.452286720275878906 12.972479820251464844 12.748659133911132812 12.802766799926757812 12.899036407470703125 13.127262115478515625 13.26055145263671875 13.3624725341796875 13.395365715026855469 13.31365966796875 13.384926795959472656 13.405335426330566406 13.533791542053222656 13.783632278442382812 13.983762741088867188 -9999 -9999 -9999 -9999 -9999 -9999 -9999 -9999 -9999 -9999 -9999 -9999 -9999 -9999 -9999 -9999 -9999 -9999 -9999 -9999 14.91446685791015625 14.646100044250488281 14.463901519775390625 14.350596427917480469 14.242564201354980469 14.15981292724609375 14.061345100402832031 13.957281112670898438 13.859496116638183594 13.733723640441894531 13.633543968200683594 13.524327278137207031 13.568039894104003906 13.74584197998046875 13.941158294677734375 14.121450424194335938 14.308320045471191406 14.39757537841796875 14.390233039855957031 14.342391014099121094 14.151590347290039062
15.051873207092285156 14.346910476684570312 13.547209739685058594 13.042416572570800781 12.656109809875488281 12.534424781799316406 12.725048065185546875 12.955610275268554688 13.283721923828125 13.505871772766113281 13.641815185546875 13.667575836181640625 13.587410926818847656 13.6071929931640625 13.601705551147460938 13.688330650329589844 13.859694480895996094 14.006140708923339844 -9999 -9999 -9999 -9999 -9999 -9999 -9999 -9999 -9999 -9999 -9999 -9999 -9999 -9999 -9999 -9999 -9999 -9999 -9999 -9999 -9999 -9999 14.332222938537597656 14.283617973327636719 14.211301803588867188 14.147647857666015625 14.0352935791015625 13.905895233154296875 13.760888099670410156 13.588768959045410156 13.453556060791015625 13.322825431823730469 13.342600822448730469 13.489832878112792969 13.657187461853027344 13.837311744689941406 14.006392478942871094 14.106843948364257812 14.151028633117675781 14.127352714538574219 13.984647750854492188
14.657847404479980469 14.033985137939453125 13.367456436157226562 12.923899650573730469 12.546637535095214844 12.515957832336425781 12.848544120788574219 13.209184646606445312 13.526449203491210938 -9999 -9999 -9999 -9999 -9999 -9999 -9999 -9999 -9999 -9999 -9999 -9999 -9999 -9999 -9999 -9999 -9999 -9999 -9999 -9999 -9999 -9999 -9999 -9999 -9999 -9999 -9999 -9999 -9999 -9999 -9999 14.218173980712890625 14.1888275146484375 14.206456184387207031 -9999 -9999 13.842101097106933594 13.670250892639160156 13.496378898620605469 13.34229278564453125 13.220714569091796875 13.197098731994628906 13.266385078430175781 13.383605003356933594 13.498676300048828125 13.64641571044921875 13.741526603698730469 13.800292015075683594 13.815858840942382812 13.669961929321289062
-9999 -9999 13.474170684814453125 13.135572433471679688 12.895112991333007812 12.88368988037109375 13.117431640625 -9999 -9999 -9999 -9999 -9999 -9999 -9999 -9999 -9999 -9999 -9999 -9999 -9999 -9999 -9999 -9999 -9999 -9999 -9999 -9999 -9999 -9999 -9999 -9999 -9999 -9999 -9999 -9999 -9999 -9999 -9999 -9999 -9999 13.984592437744140625 14.001004219055175781 14.010721206665039062 -9999 -9999 13.707485198974609375 -9999 13.392057418823242188 13.233402252197265625 13.103929519653320312 13.046307563781738281 13.047740936279296875 13.111898422241210938 13.177189826965332031 13.279735565185546875 13.35286712646484375 13.421565055847167969 13.447497367858886719 13.324100494384765625
-9999 -9999 -9999 -9999 -9999 -9999 -9999 -9999 -9999 -9999 -9999 -9999 -9999 -9999 -9999 -9999 -9999 -9999 -9999 -9999 -9999 -9999 -9999 -9999 -9999 -9999 -9999 -9999 -9999 -9999 -9999 -9999 -9999 -9999 -9999 -9999 -9999 -9999 -9999 -9999 -9999 -9999 -9999 13.661771774291992188 13.601668357849121094 -9999 -9999 13.268678665161132812 13.080801010131835938 12.94193267822265625 12.82268524169921875 12.778839111328125 12.804502487182617188 12.704052925109863281 12.813719749450683594 12.8240814208984375 12.848301887512207031 13.005137443542480469 12.73554229736328125
-9999 -9999 -9999 -9999 -9999 -9999 -9999 -9999 -9999 -9999 -9999 -9999 -9999 -9999 -9999 -9999 -9999 -9999 -9999 -9999 -9999 -9999 -9999 -9999 -9999 -9999 -9999 -9999 -9999 -9999 -9999 -9999 -9999 -9999 -9999 -9999 -9999 -9999 -9999 -9999 -9999 -9999 -9999 13.345305442810058594 13.296454429626464844 13.221622467041015625 -9999 -9999 12.913242340087890625 12.781758308410644531 12.608058929443359375 12.417244911193847656 12.25498199462890625 12.093203544616699219 12.016424179077148438 11.936283111572265625 11.92560577392578125 11.913741111755371094 11.827881813049316406
-9999 -9999 -9999 -9999 -9999 -9999 -9999 -9999 -9999 -9999 -9999 -9999 -9999 -9999 -9999 -9999 -9999 -9999 -9999 -9999 -9999 -9999 -9999 -9999 -9999 -9999 -9999 -9999 -9999 -9999 -9999 -9999 -9999 -9999 -9999 -9999 -9999 -9999 -9999 -9999 -9999 -9999 -9999 -9999 -9999 -9999 -9999 -9999 -9999 12.609906196594238281 12.35854339599609375 11.980974197387695312 11.628308296203613281 11.359020233154296875 11.086997032165527344 10.90399169921875 10.846995353698730469 10.685333251953125 10.755063056945800781
-9999 -9999 -9999 -9999 -9999 -9999 -9999 -9999 -9999 -9999 -9999 -9999 -9999 -9999 -9999 -9999 -9999 -9999 -9999 -9999 -9999 -9999 -9999 -9999 -9999 -9999 -9999 -9999 -9999 -9999 -9999 -9999 -9999 -9999 -9999 -9999 -9999 -9999 -9999 -9999 -9999 -9999 -9999 -9999 -9999 -9999 -9999 -9999 -9999 -9999 12.080891609191894531 11.640303611755371094 11.10814666748046875 10.7511138916015625 10.386704444885253906 10.14585113525390625 10.130213737487792969 9.9742670059204101562 10.062674522399902344
-9999 -9999 -9999 -9999 -9999 -9999 -9999 -9999 -9999 -9999 -9999 -9999 -9999 -9999 -9999 -9999 -9999 -9999 -9999 -9999 -9999 -9999 -9999 -9999 -9999 -9999 -9999 -9999 -9999 -9999 -9999 -9999 -9999 -9999 -9999 -9999 -9999 -9999 -9999 -9999 -9999 -9999 -9999 -9999 -9999 -9999 -9999 -9999 -9999 12.213116645812988281 11.914795875549316406 11.406490325927734375 10.737798690795898438 10.509238243103027344 10.054665565490722656 9.8021116256713867188 9.823284149169921875 9.6073818206787109375 9.8073797225952148438
-9999 -9999 -9999 -9999 -9999 -9999 -9999 -9999 -9999 -9999 -9999 -9999 -9999 -9999 -9999 -9999 -9999 -9999 -9999 -9999 -9999 -9999 -9999 -9999 -9999 -9999 -9999 -9999 -9999 -9999 -9999 -9999 -9999 -9999 -9999 -9999 -9999 -9999 -9999 -9999 -9999 -9999 -9999 -9999 -9999 -9999 -9999 -9999 -9999 -9999 11.80815887451171875 11.480442047119140625 11.078709602355957031 10.71698760986328125 10.366545677185058594 10.138880729675292969 10.090783119201660156 10.015328407287597656 10.062341690063476562
-9999 -9999 -9999 -9999 -9999 -9999 -9999 -9999 -9999 -9999 -9999 -9999 -9999 -9999 -9999 -9999 -9999 -9999 -9999 -9999 -9999 -9999 -9999 -9999 -9999 -9999 -9999 -9999 -9999 -9999 -9999 -9999 -9999 -9999 -9999 -9999 -9999 -9999 -9999 -9999 -9999 -9999 -9999 -9999 -9999 -9999 -9999 -9999 -9999 -9999 -9999 -9999 11.43773651123046875 11.08882904052734375 10.833774566650390625 10.638233184814453125 10.544699668884277344 10.5133209228515625 10.450799942016601562
-9999 -9999 -9999 -9999 -9999 -9999 -9999 -9999 -9999 -9999 -9999 -9999 -9999 -9999 -9999 -9999 -9999 -9999 -9999 -9999 -9999 -9999 -9999 -9999 -9999 -9999 -9999 -9999 -9999 -9999 -9999 -9999 -9999 -9999 -9999 -9999 -9999 -9999 -9999 -9999 -9999 -9999 -9999 -9999 -9999 -9999 -9999 -9999 -9999 -9999 -9999 -9999 -9999 -9999 -9999 -9999 10.841876983642578125 10.767803192138671875 -9999
-9999 -9999 -9999 -9999 -9999 -9999 -9999 -9999 -9999 -9999 -9999 -9999 -9999 -9999 -9999 -9999 -9999 -9999 -9999 -9999 -9999 -9999 -9999 -9999 -9999 -9999 -9999 -9999 -9999 -9999 -9999 -9999 -9999 -9999 -9999 -9999 -9999 -9999 -9999 -9999 -9999 -9999 -9999 -9999 -9999 -9999 -9999 -9999 -9999 -9999 -9999 -9999 -9999 -9999 -9999 -9999 -9999 -9999 -9999
-9999 -9999 -9999 -9999 -9999 -9999 -9999 -9999 -9999 -9999 -9999 -9999 -9999 -9999 -9999 -9999 -9999 -9999 -9999 -9999 -9999 -9999 -9999 -9999 -9999 -9999 -9999 -9999 -9999 -9999 -9999 -9999 -9999 -9999 -9999 -9999 -9999 -9999 -9999 -9999 -9999 -9999 -9999 -9999 -9999 -9999 -9999 -9999 -9999 -9999 -9999 -9999 -9999 -9999 -9999 -9999 -9999 10.744240760803222656 -9999
